159732
159767
159840
159875
159713
159846
159864
159710
159757
159786
159790
159838
159752
159766
159729
159720
159830
159847
159747
159782
159859
159780
159781
159783
159708
159709
159725
159872
159881
159716
159899
159721
159755
159897
159745
159891
159703
159735
159898
159741
159740
159742
159836
159888
159887
159702
159883
159886
159885
159866
159861
159890
159845
159871
159835
159873
159858
159880
159876
159842
159851
159848
159863
159865
159867
159869
159870
159849
159855
159857
159839
159850
159841
159852
159843
159856
159837
159828
159824
159825
159827
159821
159822
159823
159819
159808
159816
159820
159815
159999
159814
159810
159812
159988
159803
159813
159809
159991
159983
159811
159805
159978
159998
159992
159804
159807
159806
159997
159996
159994
159982
159801
159979
159995
159993
159986
159990
159976
159981
159984
159970
159975
159980
159974
159985
159987
159972
159968
159977
159969
159973
159966
159967
159971
159965
159964
159962
159959
159961
159960
159954
159956
159958
159957
159955
159951
159952
159949
159948
159941
159943
159944
159945
159940
159939
159005
159938
159001
159003
159937
159936
159935
159934
159932
159933
159928
159929
159930
159931
159926
159925
159922
159923
159920
159919
159918
159915
159912
159913
159916
159910
159909
159907
159908
159906
159905
159903
159902
159901
510010
510020
510030
510050
510060
510090
510100
510110
510120
510130
510150
510160
510170
510180
510190
510200
510210
510220
510230
510270
510290
510410
510440
510600
510630
510650
510660
510680
510690
510710
510760
510800
510810
510850
510860
510880
510890
510990
510300
510310
510330
510350
510360
510370
510380
510390
510500
510510
510530
510550
510560
510570
510580
510590
512000
512010
512040
512070
512090
512100
512120
512150
512160
512170
512180
512190
512200
512220
512260
512270
512280
512290
512320
512330
512350
512360
512380
512390
512400
512480
512500
512510
512520
512530
512550
512560
512570
512580
512590
512600
512610
512640
512650
512660
512670
512680
512690
512700
512710
512720
512730
512750
512760
512770
512780
512800
512810
512820
512870
512880
512890
512900
512910
512920
512930
512950
512960
512970
512980
512990
515000
515010
515020
515030
515050
515060
515070
515080
515090
515100
515110
515120
515130
515150
515160
515170
515180
515190
515200
515210
515220
515230
515250
515260
515280
515290
515300
515310
515320
515330
515350
515360
515380
515390
515400
515450
515500
515510
515520
515530
515550
515560
515570
515580
515590
515600
515610
515630
515650
515660
515670
515680
515690
515700
515710
515750
515760
515770
515780
515790
515800
515810
515820
515830
515850
515860
515870
515880
515890
515900
515910
515920
515930
515950
515960
515980
515990
516000
516010
516020
516050
516060
516070
516080
516090
516100
516110
516120
516150
516160
516180
516200
516220
516260
516270
516290
516300
516310
516320
516330
516360
516380
516390
516400
516480
516500
516510
516520
516550
516570
516580
516590
516600
516610
516650
516660
516670
516680
516700
516710
516720
516760
516770
516780
516790
516800
516820
516830
516850
516870
516880
516890
516900
516910
516920
516930
516950
516960
516970
516980
517000
517010
517050
517060
517080
517100
517120
517170
517200
517300
517350
517360
517380
560660
561500
561800
561900
561910
562880
588000
588050
588060
588080
588090
588180
588300
588330
588360
588380
588400